(6, 3, 2)
stars coordinates, arcsec:         DONE
 [[ -9.95735944  26.43893921]
 [-37.64877463 -18.53271275]
 [-12.38790309   4.65800808]]
deltas, mm: (same as centroid coordinates difference in zemax)
[[[ 0.00000000e+00  0.00000000e+00]
  [ 0.00000000e+00  0.00000000e+00]
  [ 0.00000000e+00  0.00000000e+00]] 0 deg of field rotation

 [[ 1.07282704e-03 -3.61435612e-05]
  [-1.83320698e-03 -7.18519966e-04]
  [ 6.18731812e-04 -6.73598286e-04]]] 30 deg
TT:
 [[[  0.           0.        ]
  [  0.           0.        ]
  [  0.           0.        ]]

 [[ 13.01974566  -0.43863545]
  [-22.2476575   -8.7199025 ]
  [  7.50888121  -8.17473648]]]

stars coordinates:                 DONE
 [[ -9.69665827  22.22634005]
 [ -9.92342372   7.04277941]
 [-22.38909862  23.07871388]]
deltas:
[[[ 0.00000000e+00  0.00000000e+00]
  [ 0.00000000e+00  0.00000000e+00]
  [ 0.00000000e+00  0.00000000e+00]]

 [[ 1.15681186e-03 -8.59071877e-05]
  [ 7.68588632e-04 -4.37235961e-04]
  [ 1.68384307e-03  3.05576759e-04]]]
TT:
 [[[ 0.          0.        ]
  [ 0.          0.        ]
  [ 0.          0.        ]]

 [[14.03897893 -1.04256296]
  [ 9.32753194 -5.30626166]
  [20.43498869  3.70845581]]]

stars coordinates:
 [[-48.19837994  -9.467085  ]
 [ 23.02525367 -22.13812428]
 [ 22.38011132  40.15508063]]
deltas:
[[[ 0.00000000e+00  0.00000000e+00]
  [ 0.00000000e+00  0.00000000e+00]
  [ 0.00000000e+00  0.00000000e+00]]

 [[-1.89539761e-03 -3.36032981e-03]
  [ 1.70961526e-03  1.14710223e-03]
  [-5.02917452e-05  4.85479551e-04]]]
TT:
 [[[  0.           0.        ]
  [  0.           0.        ]
  [  0.           0.        ]]

 [[-23.00239821 -40.78070163]
  [ 20.74775802  13.92114354]
  [ -0.61033671   5.89174213]]]

stars coordinates:
 [[-26.34672095  34.71351941]
 [-47.61287921  -6.25277686]
 [ 49.03146037 -24.7663022 ]]
deltas:
[[[ 0.          0.        ]
  [ 0.          0.        ]
  [ 0.          0.        ]]

 [[ 0.00107773  0.00108468]
  [-0.0017337  -0.00398072]
  [-0.00021113  0.00139599]]]
TT:
 [[[  0.           0.        ]
  [  0.           0.        ]
  [  0.           0.        ]]

 [[ 13.07927727  13.16357604]
  [-21.04006103 -48.3097081 ]
  [ -2.5623032   16.94167268]]]
